0  1.0
1  0.998140402939
2  0.997109091312
3  0.995394457305
4  0.995162110852
5  0.998152949746
6  0.994428965612
7  0.993274876622
8  0.991777697707
9  0.98774475354
10  0.984149965218
11  0.980983721883
12  0.980610440022
13  0.975996620611
14  0.971719797803
15  0.968362253856
16  0.963815889822
17  0.959422186777
18  0.955366458517
19  0.951644519037
20  0.948219441234
21  0.94648742276
22  0.942761309887
23  0.936075274584
24  0.933268242973
25  0.930879385929
26  0.92862468288
27  0.923841490689
28  0.922260688352
29  0.91767969132
30  0.915334635286
31  0.914178301241
32  0.913049804765
33  0.90829260449
34  0.904157340716
35  0.902744875519
36  0.898078621023
37  0.894287828962
38  0.893150642356
39  0.889473277463
40  0.886826576747
41  0.88672646716
42  0.883509624585
43  0.881939844322
44  0.880160790389
45  0.882606652509
46  0.882549538122
47  0.884251601498
48  0.883151051903
49  0.883855562044
50  0.884105672874
51  0.886211169024
52  0.887382198617
53  0.887957900372
54  0.88896233847
55  0.891434946719
56  0.89297871621
57  0.895210468527
58  0.898160104877
59  0.900345029525
60  0.901589353016
61  0.904647305471
62  0.905712225692
63  0.908423681883
64  0.910368323649
65  0.913123925112
66  0.914526642522
67  0.91603472666
68  0.914080308621
69  0.911076512231
70  0.907140183737
71  0.903048869802
72  0.89518741409
73  0.885634480168
74  0.875258769163
75  0.859904170257
76  0.844791255388
77  0.826913545106
78  0.804887614191
79  0.782141207605
80  0.751559020531
81  0.718606347753
82  0.67652711785
83  0.640601300262
84  0.602556815242
85  0.569452332971
86  0.538300831148
87  0.507488209234
88  0.479296912367
89  0.453321641554
90  0.397055134858
